sprite48,0,0,24,24
sprite50,24,0,24,24
sprite54,48,0,24,24
sprite60,72,0,24,24
sprite68,96,0,24,24
sprite78,120,0,24,24
sprite90,144,0,24,24
sprite104,168,0,24,24
sprite120,192,0,24,24
sprite138,216,0,24,24
sprite158,240,0,24,24
sprite180,264,0,24,24
sprite204,288,0,24,24
sprite49,0,24,24,24
sprite51,24,24,24,24
sprite55,48,24,24,24
sprite61,72,24,24,24
sprite69,96,24,24,24
sprite79,120,24,24,24
sprite91,144,24,24,24
sprite105,168,24,24,24
sprite121,192,24,24,24
sprite139,216,24,24,24
sprite159,240,24,24,24
sprite181,264,24,24,24
sprite205,288,24,24,24
sprite52,0,48,24,24
sprite53,24,48,24,24
sprite56,48,48,24,24
sprite62,72,48,24,24
sprite70,96,48,24,24
sprite80,120,48,24,24
sprite92,144,48,24,24
sprite106,168,48,24,24
sprite122,192,48,24,24
sprite140,216,48,24,24
sprite160,240,48,24,24
sprite182,264,48,24,24
sprite206,288,48,24,24
sprite57,0,72,24,24
sprite58,24,72,24,24
sprite59,48,72,24,24
sprite63,72,72,24,24
sprite71,96,72,24,24
sprite81,120,72,24,24
sprite93,144,72,24,24
sprite107,168,72,24,24
sprite123,192,72,24,24
sprite141,216,72,24,24
sprite161,240,72,24,24
sprite183,264,72,24,24
sprite207,288,72,24,24
sprite64,0,96,24,24
sprite65,24,96,24,24
sprite66,48,96,24,24
sprite67,72,96,24,24
sprite72,96,96,24,24
sprite82,120,96,24,24
sprite94,144,96,24,24
sprite108,168,96,24,24
sprite124,192,96,24,24
sprite142,216,96,24,24
sprite162,240,96,24,24
sprite184,264,96,24,24
sprite208,288,96,24,24
sprite73,0,120,24,24
sprite74,24,120,24,24
sprite75,48,120,24,24
sprite76,72,120,24,24
sprite77,96,120,24,24
sprite83,120,120,24,24
sprite95,144,120,24,24
sprite109,168,120,24,24
sprite125,192,120,24,24
sprite143,216,120,24,24
sprite163,240,120,24,24
sprite185,264,120,24,24
sprite209,288,120,24,24
sprite84,0,144,24,24
sprite85,24,144,24,24
sprite86,48,144,24,24
sprite87,72,144,24,24
sprite88,96,144,24,24
sprite89,120,144,24,24
sprite96,144,144,24,24
sprite110,168,144,24,24
sprite126,192,144,24,24
sprite144,216,144,24,24
sprite164,240,144,24,24
sprite186,264,144,24,24
pngwing.com (5) (1),288,144,24,24
sprite97,0,168,24,24
sprite98,24,168,24,24
sprite99,48,168,24,24
sprite100,72,168,24,24
sprite101,96,168,24,24
sprite102,120,168,24,24
sprite103,144,168,24,24
sprite111,168,168,24,24
sprite127,192,168,24,24
sprite145,216,168,24,24
sprite165,240,168,24,24
sprite187,264,168,24,24
pngwing.com (5) (2),288,168,24,24
sprite112,0,192,24,24
sprite113,24,192,24,24
sprite114,48,192,24,24
sprite115,72,192,24,24
sprite116,96,192,24,24
sprite117,120,192,24,24
sprite118,144,192,24,24
sprite119,168,192,24,24
sprite128,192,192,24,24
sprite146,216,192,24,24
sprite166,240,192,24,24
sprite188,264,192,24,24
pngwing.com (5) (3),288,192,24,24
sprite129,0,216,24,24
sprite130,24,216,24,24
sprite131,48,216,24,24
sprite132,72,216,24,24
sprite133,96,216,24,24
sprite134,120,216,24,24
sprite135,144,216,24,24
sprite136,168,216,24,24
sprite137,192,216,24,24
sprite147,216,216,24,24
sprite167,240,216,24,24
sprite189,264,216,24,24
pngwing.com (5) (4),288,216,24,24
sprite148,0,240,24,24
sprite149,24,240,24,24
sprite150,48,240,24,24
sprite151,72,240,24,24
sprite152,96,240,24,24
sprite153,120,240,24,24
sprite154,144,240,24,24
sprite155,168,240,24,24
sprite156,192,240,24,24
sprite157,216,240,24,24
sprite168,240,240,24,24
sprite190,264,240,24,24
sprite169,0,264,24,24
sprite170,24,264,24,24
sprite171,48,264,24,24
sprite172,72,264,24,24
sprite173,96,264,24,24
sprite174,120,264,24,24
sprite175,144,264,24,24
sprite176,168,264,24,24
sprite177,192,264,24,24
sprite178,216,264,24,24
sprite179,240,264,24,24
sprite191,264,264,24,24
sprite192,0,288,24,24
sprite193,24,288,24,24
sprite194,48,288,24,24
sprite195,72,288,24,24
sprite196,96,288,24,24
sprite197,120,288,24,24
sprite198,144,288,24,24
sprite199,168,288,24,24
sprite200,192,288,24,24
sprite201,216,288,24,24
sprite202,240,288,24,24
sprite203,264,288,24,24